29323 460708
732335 714332
981036 351252
709512 202343
282007 148226
625454 523095
820608 83741
245268 742949
361581 459316
665583 978422
579158 912949
54310 533814
469678 788696
124625 472825
27535 184722
419177 886544
863666 70499
515465 322353
124363 241054
655482 95705
960921 15993
999986 964072
177508 993435
975471 315535
270558 979540
952783 485021
108604 462671
254015 845974
894186 693051
536914 381731
709465 274710
628055 983198
116783 616256
80186 117236
633222 714961
777297 824756
361659 306090
920262 730476
81830 155600
309805 394134
928621 50409
924139 373440
585938 979315
323923 741188
913018 363630
776753 559454
209839 702239
186486 929059
240224 741939
17288 630937
476167 381381
630861 144340
929114 121687
85216 360568
88022 161924
68862 348636
497720 997958
913440 702602
282021 947738
846911 669293
40492 171976
749487 715717
176349 765686
795991 955680
705579 203258
511078 41293
471958 232090
156995 186272
309296 559786
769338 927678
748936 190438
106796 53963
726291 228506
782621 877171
311981 805300
531883 663324
506373 897751
241743 721821
720262 814600
578638 889073
794361 726289
324893 364606
218925 73707
908038 600385
326995 527822
893538 997391
861248 29741
447777 190926
224888 173134
469749 447342
489425 2870
889338 308683
996362 715737
958919 562909
952059 995694
345402 630337
254202 688966
622362 13302
85777 794179
65282 994897
717685 45567
655697 896240
482513 829976
140572 313377
65205 37299
121619 316095
172137 891409
803919 185377
978206 155357
906050 334573
253809 70626
185219 955892
244412 930213
337925 804159
797465 206496
809150 57840
528938 505617
449432 635894
520302 957782
611521 19951
748571 491663
201895 573804
726938 479717
720338 182124
220854 996339
136637 973877
796117 961578
919434 590127
85554 997869
793187 47426
35822 83604
102994 837655
801666 728010
512719 49013
857920 278790
577451 521865
46554 57217
830181 631899
396629 112851
740109 792291
704546 653168
740694 376349
494942 470470
70252 679249
289113 412235
629332 945943
656901 37310
959016 556401
433321 829003
747092 237440
856372 476971
721485 393537
283303 620666
9625 419394
48994 643521
554456 278496
997854 320699
509322 266302
943059 364695
321965 900204
221477 457925
470098 320775
317501 721930
542837 124141
109108 554670
741149 606416
569807 553373
701752 314565
241621 800572
170124 482051
194020 775949
869989 277883
84214 680715
347236 694117
918693 813840
49865 661576
732400 399896
154851 210812
260247 203881
897757 228158
